26000
29
28
29
29
313
RedPlayerCoco2x2
13:13:52
26000
31
31
31
30
339
RedPlayerCoco2x2
13:14:53
27000
37
32
37
37
528
Dungeon4x1
13:15:24
29000
50
37
50
50
631
Dungeon4x1
13:16:25
30000
50
40
50
50
624
Dungeon4x1
13:17:25
31000
50
41
50
50
602
Dungeon4x1
13:18:26
32000
51
42
51
51
608
Dungeon4x1
13:19:28
33000
51
43
51
52
615
Dungeon4x1
13:20:28
33000
52
44
52
52
624
Dungeon4x1
13:21:28
34000
53
44
53
53
621
Dungeon4x1
13:22:29
35000
53
45
53
53
627
Dungeon4x1
13:23:29
35000
53
45
53
53
618
Dungeon4x1
13:24:30
36000
52
46
52
52
615
Dungeon4x1
13:25:30
41000
53
49
53
53
618
Dungeon4x1
13:43:10
41000
53
49
53
53
582
Dungeon4x1
13:44:10
41000
53
49
53
53
611
Dungeon4x1
13:45:11
41000
53
49
53
53
589
Dungeon4x1
13:46:11
41000
53
49
53
53
582
Dungeon4x1
13:47:12
41000
54
49
54
54
602
Dungeon4x1
13:48:12
41000
53
49
53
53
586
Dungeon4x1
13:49:13
41000
53
49
53
53
582
Dungeon4x1
13:50:13
41000
53
49
53
53
582
Dungeon4x1
13:51:14
41000
53
49
53
53
582
Dungeon4x1
13:52:14
41000
53
49
53
53
582
Dungeon4x1
13:53:15
41000
53
49
53
53
582
Dungeon4x1
13:54:15
41000
53
49
53
53
582
Dungeon4x1
13:55:16
41000
53
49
53
53
582
Dungeon4x1
13:56:16
41000
53
49
53
53
586
Dungeon4x1
13:57:17
41000
53
49
53
53
586
Dungeon4x1
13:58:17
41000
53
49
53
53
586
Dungeon4x1
13:59:18
41000
53
49
53
53
582
Dungeon4x1
14:00:18
41000
53
48
53
53
576
RedFrontNot4V
14:01:58
41000
54
48
54
54
589
RedFrontNot4V
14:02:59
41000
54
49
55
55
595
RedFrontNot4V
14:03:59
41000
55
49
55
55
605
RedFrontNot4V
14:05:00
41000
55
49
55
56
602
RedFrontNot4V
14:06:01
41000
55
49
56
56
605
RedFrontNot4V
14:07:02
41000
56
49
56
56
608
RedFrontNot4V
14:08:02
41000
56
49
56
56
611
RedFrontNot4V
14:09:03
41000
56
50
56
56
611
RedFrontNot4V
14:10:03
41000
56
50
56
57
618
RedFrontNot4V
14:11:04
41000
56
50
57
57
615
RedFrontNot4V
14:12:04
42000
57
50
57
57
618
RedFrontNot4V
14:13:05
42000
57
50
57
57
618
RedFrontNot4V
14:14:05
42000
57
50
57
57
618
RedFrontNot4V
14:15:06
42000
57
50
57
57
621
RedFrontNot4V
14:16:06
42000
57
50
57
57
621
RedFrontNot4V
14:17:07
42000
57
50
57
57
621
RedFrontNot4V
14:18:07
42000
57
50
57
57
624
RedFrontNot4V
14:19:08
43000
57
50
57
58
621
RedFrontNot4V
14:20:09
43000
58
51
58
58
627
RedFrontNot4V
14:21:09
43000
58
51
58
58
627
RedFrontNot4V
14:22:10
43000
58
51
58
58
627
RedFrontNot4V
14:23:10
43000
58
51
58
58
627
RedFrontNot4V
14:24:11
43000
58
51
58
58
627
RedFrontNot4V
14:25:11
43000
58
51
58
58
627
RedFrontNot4V
14:26:12
43000
58
51
58
58
631
RedFrontNot4V
14:27:12
43000
58
51
58
58
631
RedFrontNot4V
14:28:13
43000
58
51
58
58
631
RedFrontNot4V
14:29:14
43000
58
51
58
58
631
RedBackNot4V
14:29:52
43000
59
51
59
60
682
RedBackNot4V
14:30:53
43000
61
52
61
61
695
RedBackNot4V
14:31:54
43000
62
53
62
62
701
RedBackNot4V
14:32:54
43000
62
53
62
62
711
RedBackNot4V
14:33:55
43000
62
53
62
63
707
RedBackNot4V
14:34:55
43000
63
54
63
63
714
RedBackNot4V
14:35:56
43000
64
54
64
64
730
RedBackNot4V
14:36:57
44000
64
54
64
64
730
RedBackNot4V
14:37:57
43000
58
52
58
58
627
RedBackNot4V
14:39:58
42000
56
48
56
56
602
RedBackNot4V
14:40:59
41000
47
44
47
47
490
RedBackNot4V
14:41:59
40000
43
41
43
42
445
RedBackNot4V
14:43:00
38000
40
39
40
40
416
RedBackNot4V
14:44:00
37000
38
37
38
38
403
RedBackNot4V
14:45:00
36000
37
36
37
37
387
RedBackNot4V
14:46:01
35000
36
35
36
36
374
RedBackNot4V
14:47:01
34000
35
34
35
35
365
RedBackNot4V
14:48:02
34000
34
33
34
34
361
RedBackNot4V
14:49:02
33000
33
32
34
33
352
RedBackNot4V
14:50:03
32000
33
32
33
33
349
RedBackNot4V
14:51:03
32000
32
31
32
32
342
RedBackNot4V
14:52:04
31000
32
30
32
32
336
RedBackNot4V
14:53:04
31000
31
30
31
31
329
RedBackNot4V
14:54:05
30000
31
30
31
31
329
RedBackNot4V
14:55:05
30000
31
29
31
30
323
RedBackNot4V
14:56:06
29000
30
29
30
30
320
RedBackNot4V
14:57:06
29000
30
28
30
30
320
RedBackNot4V
14:58:06
29000
29
28
30
29
317
RedBackNot4V
14:59:07
28000
29
28
29
29
310
RedBackNot4V
15:00:07
28000
29
28
29
29
310
RedBackNot4V
15:01:08
28000
29
27
29
29
307
RedBackNot4V
15:02:08
28000
28
27
29
28
304
RedBackNot4V
15:03:09
27000
28
27
28
28
304
RedBackNot4V
15:04:09
27000
28
27
28
28
304
RedBackNot4V
15:05:10
27000
28
27
28
28
301
RedBackNot4V
15:06:10
27000
28
27
28
28
301
RedBackNot4V
15:07:11
26000
28
26
28
27
297
RedBackNot4V
15:08:11
26000
27
26
28
27
297
RedBackNot4V
15:09:12
26000
27
26
27
27
294
RedBackNot4V
15:10:12
26000
28
26
28
27
297
RedBackNot4V
15:11:13
26000
27
26
28
27
294
RedBackNot4V
15:12:13
26000
27
26
27
27
294
RedBackNot4V
15:13:14
26000
27
26
27
27
291
RedBackNot4V
15:14:14
26000
27
26
27
27
291
RedBackNot4V
15:15:15
25000
27
25
27
27
291
RedBackNot4V
15:16:15
25000
27
25
27
27
288
RedBackNot4V
15:17:16
25000
27
25
27
26
288
RedBackNot4V
15:18:16
25000
27
25
27
26
288
RedBackNot4V
15:19:17
25000
26
25
27
26
288
RedBackNot4V
15:20:17
25000
26
25
27
26
285
RedBackNot4V
15:21:18
25000
26
25
26
26
281
RedBackNot4V
15:22:18
25000
26
25
26
26
285
RedBackNot4V
15:23:19
25000
26
25
26
26
281
RedBackNot4V
15:24:19
25000
26
25
26
26
285
RedBackNot4V
15:25:20
25000
26
25
26
26
281
RedBackNot4V
15:26:20
25000
26
25
26
26
281
RedBackNot4V
15:27:21
25000
26
25
26
26
281
RedBackNot4V
15:28:22
25000
26
25
26
26
278
RedBackNot4V
15:29:22
24000
26
25
26
26
281
RedBackNot4V
15:30:23
24000
26
25
26
26
281
RedBackNot4V
15:31:23
24000
26
24
26
26
281
RedBackNot4V
15:32:24
27000
47
36
47
48
547
RedFront4V
15:35:14
29000
49
38
49
49
582
RedFront4V
15:36:15
30000
51
39
51
51
592
RedFront4V
15:37:16
31000
51
40
52
52
602
RedFront4V
15:38:16
32000
52
41
53
53
595
RedFront4V
15:39:17
33000
52
42
52
52
589
RedFront4V
15:40:18
33000
53
43
53
53
592
RedFront4V
15:41:19
34000
53
43
53
53
592
RedFront4V
15:42:20
35000
53
44
53
53
598
RedFront4V
15:43:21
35000
53
44
54
54
595
RedFront4V
15:44:22
36000
54
45
54
54
598
RedFront4V
15:45:23
36000
54
45
54
54
602
RedFront4V
15:46:24
37000
55
46
55
55
608
RedFront4V
15:47:25
37000
55
46
55
55
608
RedFront4V
15:48:26
38000
55
46
55
56
615
RedFront4V
15:49:27
38000
56
47
56
56
621
RedFront4V
15:50:28
38000
56
47
56
56
624
RedFront4V
15:51:29
39000
56
47
57
57
627
RedFront4V
15:52:30
39000
57
48
57
57
634
RedFront4V
15:53:30
39000
57
48
57
57
637
RedFront4V
15:54:31
40000
57
48
58
58
637
RedFront4V
15:55:32
40000
58
49
58
58
640
RedFront4V
15:56:33
40000
58
49
58
58
640
RedFront4V
15:57:34
40000
58
49
58
58
647
RedFront4V
15:58:35
41000
58
49
58
59
643
RedFront4V
15:59:36
41000
58
50
58
59
647
RedFront4V
16:00:37
41000
59
50
59
59
647
RedFront4V
16:01:38
41000
59
50
59
59
647
RedFront4V
16:02:39
41000
59
50
59
59
650
RedFront4V
16:03:40
42000
59
50
59
59
656
RedFront4V
16:04:41
42000
59
51
59
60
653
RedFront4V
16:05:42
42000
60
51
60
60
659
RedFront4V
16:06:43
42000
60
51
60
60
656
RedFront4V
16:07:44
42000
60
51
60
60
659
RedFront4V
16:08:45
43000
60
51
60
60
659
RedFront4V
16:09:46
43000
60
51
60
60
659
RedFront4V
16:10:47
43000
60
51
60
60
663
RedFront4V
16:11:48
43000
60
51
60
60
666
RedFront4V
16:12:49
43000
60
52
61
61
669
RedFront4V
16:13:50
43000
61
52
61
61
666
RedFront4V
16:14:51
43000
61
52
61
61
669
RedFront4V
16:15:52
44000
61
52
61
61
672
RedFront4V
16:16:53
44000
61
52
61
61
669
RedFront4V
16:17:54
44000
61
52
61
61
672
RedFront4V
16:18:55
44000
61
52
61
62
675
RedFront4V
16:19:56
44000
61
52
61
62
675
RedFront4V
16:20:57
44000
61
53
62
62
675
RedFront4V
16:21:58
44000
61
53
61
62
675
RedFront4V
16:22:59
44000
61
53
61
62
675
RedFront4V
16:24:00
44000
62
53
62
62
679
RedFront4V
16:25:01
44000
62
53
62
62
679
RedFront4V
16:26:02
44000
62
53
62
62
682
RedFront4V
16:27:03
44000
62
53
62
62
679
RedFront4V
16:28:04
44000
62
53
62
62
679
RedFront4V
16:29:05
45000
62
53
62
62
685
RedFront4V
16:30:06
45000
62
53
62
62
682
RedFront4V
16:31:07
45000
62
53
62
62
682
RedFront4V
16:32:08
45000
62
53
62
62
682
RedFront4V
16:33:09
45000
62
53
62
62
682
RedFront4V
16:34:10
45000
62
53
62
62
682
RedFront4V
16:35:11
45000
62
53
62
62
685
RedFront4V
16:36:12
45000
62
54
62
63
688
RedFront4V
16:37:13
45000
62
54
62
63
685
RedFront4V
16:38:14
45000
62
54
62
63
685
RedFront4V
16:39:15
45000
62
54
62
63
685
RedFront4V
16:40:16
46000
63
54
63
63
688
RedFront4V
16:41:17
46000
62
54
62
63
691
RedBack4V
16:42:01
44000
64
54
64
64
730
RedBack4V
16:43:02

25000
27
28
28
27
297
3D_102
18:59:06
26000
28
28
28
28
304
3D_102
19:00:07
26000
28
29
28
28
301
3D_102
19:01:07
26000
28
29
28
28
304
3D_102
19:02:08
26000
28
29
29
28
307
3D_102
19:03:08
26000
29
29
29
28
307
3D_102
19:04:09
27000
29
29
29
29
310
3D_102
19:05:10
27000
29
30
29
29
310
3D_102
19:06:10
27000
29
30
29
29
313
3D_102
19:07:11
27000
29
30
29
29
313
3D_102
19:08:11
27000
29
30
30
29
313
3D_102
19:09:12
28000
30
30
30
30
320
3D_102
19:10:13
28000
30
30
30
30
320
3D_102
19:11:13
28000
30
31
30
30
320
3D_102
19:12:14
28000
30
31
30
30
323
3D_102
19:13:15
28000
30
31
30
30
323
3D_102
19:14:15
28000
30
31
31
30
326
3D_102
19:15:16
28000
30
31
31
30
323
3D_102
19:16:16
29000
31
31
31
30
323
3D_102
19:17:17
29000
31
31
31
30
326
3D_102
19:18:18
29000
31
31
31
31
326
3D_102
19:19:18
29000
31
32
31
31
329
3D_102
19:20:19
29000
31
32
31
31
329
3D_102
19:21:19
29000
31
32
31
31
333
3D_102
19:22:20
29000
31
32
31
31
333
3D_102
19:23:21
29000
31
32
31
31
333
3D_102
19:24:21
29000
31
32
31
31
333
3D_102
19:25:22
29000
31
32
31
31
333
3D_102
19:26:23
30000
31
32
31
31
333
3D_102
19:27:23
30000
32
32
32
31
336
3D_140
19:27:59
30000
32
33
32
31
339
3D_140
19:29:00
30000
32
33
32
31
336
3D_140
19:30:00
30000
32
33
32
32
339
3D_140
19:31:01
30000
32
33
32
32
342
3D_140
19:32:02
30000
32
33
32
32
342
3D_140
19:33:02
31000
32
34
32
32
342
3D_140
19:34:03
31000
32
34
33
32
342
3D_140
19:35:04
31000
33
34
33
32
345
3D_140
19:36:04
31000
33
34
33
32
349
3D_140
19:37:05
31000
33
34
33
33
349
3D_140
19:38:05
31000
33
34
33
33
349
3D_140
19:39:06
31000
33
34
33
33
349
3D_140
19:40:07
31000
33
34
33
33
352
3D_140
19:41:08
31000
33
34
33
33
352
3D_140
19:42:08
31000
33
34
33
33
352
3D_140
19:43:09
31000
33
34
33
33
352
3D_140
19:44:10
32000
33
34
34
33
355
3D_140
19:45:10
32000
33
35
34
33
352
3D_140
19:46:11
32000
33
35
34
33
355
3D_140
19:47:12
32000
34
35
34
33
355
3D_140
19:48:12
32000
34
35
34
33
355
3D_140
19:49:13
32000
34
35
34
33
358
3D_140
19:50:14
32000
34
35
34
34
355
3D_140
19:51:14
32000
34
35
34
34
355
3D_140
19:52:15
32000
34
35
34
34
361
3D_140
19:53:15
32000
34
35
34
34
358
3D_140
19:54:16
32000
34
35
34
34
361
3D_140
19:55:17
32000
34
35
34
34
361
3D_140
19:56:17
32000
34
35
34
34
358
3D_140
19:57:18
32000
34
35
34
34
365
3D_140
19:58:19
33000
35
37
35
34
365
3D_140
19:59:20
33000
35
37
35
35
371
3D_140
20:00:20
33000
36
38
36
35
374
3D_140
20:01:21
34000
36
38
36
36
377
3D_140
20:02:22
34000
36
39
36
36
384
3D_140
20:03:22
34000
37
39
37
36
384
3D_140
20:04:23
35000
37
39
37
37
384
3D_140
20:05:24
35000
37
40
37
37
390
3D_140
20:06:24
35000
37
40
37
37
390
3D_140
20:07:25
35000
38
40
38
37
393
3D_140
20:08:26
35000
38
40
38
38
393
3D_140
20:09:26
36000
38
40
38
38
397
3D_140
20:10:27
36000
38
40
38
38
400
3D_140
20:11:28
36000
38
41
38
38
400
3D_140
20:12:28
36000
38
41
38
38
403
3D_140
20:13:29
36000
38
41
39
38
403
3D_140
20:14:30
36000
39
41
39
38
406
3D_140
20:15:30
36000
39
41
39
38
403
3D_140
20:16:31
37000
39
41
39
39
403
3D_140
20:17:32
37000
39
41
39
39
410
3D_140
20:18:32
37000
39
42
39
39
406
3D_140
20:19:33
37000
39
42
39
39
413
3D_140
20:20:34
37000
39
42
39
39
410
3D_140
20:21:34
37000
39
42
39
39
410
3D_140
20:22:35
37000
39
42
39
39
413
3D_140
20:23:36
37000
39
42
39
39
413
3D_140
20:24:37
37000
39
42
40
39
413
3D_140
20:25:37
38000
39
42
40
39
413
3D_140
20:26:38
38000
40
42
40
40
416
3D_140
20:27:39
38000
40
42
40
40
419
3D_140
20:28:39
38000
40
42
40
39
416
3D_140
20:29:40
38000
40
42
40
40
416
3D_140
20:30:41
38000
40
42
40
40
413
3D_140
20:31:41
38000
40
42
40
40
416
3D_140
20:32:42
38000
40
43
40
40
419
3D_140
20:33:43
38000
40
43
40
40
419
3D_140
20:34:43
38000
40
43
40
40
419
3D_140
20:35:44
38000
40
43
40
40
419
3D_140
20:36:45
38000
40
43
40
40
422
3D_140
20:37:45
38000
40
43
40
40
419
3D_140
20:38:46
38000
40
43
40
40
419
3D_140
20:39:47
38000
40
43
40
40
419
3D_140
20:40:48
38000
40
43
41
40
422
3D_140
20:41:48
38000
40
43
40
40
419
3D_140
20:42:49
38000
40
43
40
40
422
3D_140
20:43:50
38000
40
43
41
40
419
3D_140
20:44:50
38000
40
43
41
40
426
3D_140
20:45:51
38000
40
43
41
40
422
3D_140
20:46:52
38000
40
43
41
40
426
3D_140
20:47:53
38000
41
43
41
40
429
3D_140
20:48:53
38000
41
43
41
40
422
3D_140
20:49:54
